#
  FPS: [    0]                                            ##
########################################################### 
                                                            
  999999999999
9          9
9         9 
9        9  
9     
  9   
9      9    
9     9     
9    9      
9   9       
9
  9        
9 9         
99          
                      
                                                            
                                                            
                                                            
                                                            
                                                            
                                                            
                                                            
                                                            
                                                            
                                                            
                                                            
           0000000                                          
           0000000                                          
           0000000                                          
                                                            
                                                            
                                                            
                                                            
                                                            
                                                            
                                                            
                                                            
                                                            
                                                                       